# Created by Octave 7.2.0, Tue Sep 27 15:15:43 2022 GMT <unknown@IT-LAB7-PC28>
# name: lastSeed
# type: sparse matrix
# nnz: 1000
# rows: 100
# columns: 100
6 1 0.32972746227742389
31 1 0.080709224047553874
56 1 0.6614775636450313
60 1 0.37439520365590195
62 1 0.10540660828000137
82 1 0.21462342302732751
89 1 0.92538905043603881
14 2 0.96902904352569852
15 2 0.45802838193961526
28 2 0.82823135129629311
37 2 0.16155260315663256
39 2 0.65442344499434324
40 2 0.52063210616168187
61 2 0.53002472403465606
65 2 0.6622875964139836
75 2 0.48851052258293892
94 2 0.6115708905013989
15 3 0.39407778821719441
16 3 0.58647296035429264
20 3 0.83373803886164011
31 3 0.54288142580934307
44 3 0.45954393967425655
53 3 0.11734123663781704
56 3 0.11577852888127171
68 3 0.00025633210479125701
79 3 0.77000560189809786
87 3 0.6549748000454233
5 4 0.45510708564395863
13 4 0.92529243342888057
20 4 0.68745242008963403
29 4 0.37602683224849287
33 4 0.33303341541590425
35 4 0.66502009492110881
37 4 0.43496867020730623
41 4 0.86204679773337001
52 4 0.4093276101030211
60 4 0.1718396620055227
64 4 0.90073736989560071
82 4 0.62568795436603286
84 4 0.78101648261274181
89 4 0.63596387001436383
96 4 0.82304438023785709
4 5 0.92459820930883962
7 5 0.024869653333158048
9 5 0.65776890019218814
29 5 0.6693911329764467
35 5 0.11182025804429463
37 5 0.79738112736572031
43 5 0.16709148282413455
46 5 0.256155263389791
58 5 0.85628162456731571
61 5 0.29910127603891878
88 5 0.61264007967948708
89 5 0.11451269956836685
96 5 0.46550253064297387
22 6 0.76528464127906848
30 6 0.99686465585065109
36 6 0.36051457341862547
46 6 0.88950285015384678
53 6 0.87017744648276107
71 6 0.90835240603666434
76 6 0.66727901248881594
84 6 0.92157047594677111
91 6 0.026371082897386211
96 6 0.88935698011037123
9 7 0.98657054882042317
23 7 0.81177826906454742
36 7 0.67114703645837115
56 7 0.25483933002814452
73 7 0.40090893151213258
82 7 0.032133080621662757
94 7 0.5117990173907746
100 7 0.33605108011017426
19 8 0.4610253778432658
28 8 0.15134002096902155
30 8 0.88895773481068674
34 8 0.71569932404605496
51 8 0.91207212993597542
63 8 0.99295618485364778
77 8 0.25897384309155513
84 8 0.48068734316035344
95 8 0.049230120365810981
97 8 0.25104108967990268
2 9 0.41917760400019288
16 9 0.75163162535840722
30 9 0.1060409412133243
47 9 0.86997365070207822
57 9 0.38601754481779127
59 9 0.82003941795831403
65 9 0.0073792179950531445
84 9 0.84862409956991292
38 10 0.57232351186503139
51 10 0.25236040396789772
57 10 0.33587898775642899
63 10 0.19934895517598783
72 10 0.04124888450413966
77 10 0.75087757241526987
82 10 0.06602301111653186
94 10 0.066253626808110866
99 10 0.50959489154634163
3 11 0.55553594772634129
27 11 0.72503080613243376
29 11 0.88308596414626617
37 11 0.50012510416099021
42 11 0.81696934820769906
47 11 0.76265976235591237
52 11 0.71768954402096796
1 12 0.95855099648484798
5 12 0.32106952290870194
10 12 0.54340839734552404
12 12 0.8453559060929049
22 12 0.79157331988952162
36 12 0.42009379534257096
45 12 0.85800476129556158
55 12 0.020113220669180309
58 12 0.66663448991424945
69 12 0.42688173908828775
77 12 0.081706793243502274
82 12 0.92499184444184501
8 13 0.82895058822809098
12 13 0.087859836363066379
15 13 0.087998320271716279
16 13 0.31140366790362051
34 13 0.53658339322392545
35 13 0.40294021298656324
42 13 0.60374314099014037
60 13 0.31983752420311762
67 13 0.42776499173840887
72 13 0.31322505887083341
100 13 0.89541322147211044
8 14 0.17821002230809746
11 14 0.25653409518143544
20 14 0.047539951608352338
42 14 0.69748889202853159
43 14 0.53882336029987765
48 14 0.21037866041217401
50 14 0.47486940885523865
59 14 0.39668050664159904
67 14 0.41501025115719836
73 14 0.9885145502143754
78 14 0.69095531273804744
84 14 0.55216041764121115
87 14 0.47700807596544026
89 14 0.75499498839061407
92 14 0.58045204036974019
99 14 0.87207430900069771
31 15 0.87570056905701443
32 15 0.033694060316814101
39 15 0.48459608402890064
48 15 0.51575507676463028
59 15 0.55947557608969467
69 15 0.90068883659264098
89 15 0.29821389128518394
94 15 0.11203892447894326
99 15 0.36566170734556735
9 16 0.17606278198477543
31 16 0.44778615909111819
35 16 0.62477592897313938
49 16 0.28612888695119332
50 16 0.43630914174889168
60 16 0.060464566266951292
61 16 0.7489000903420554
63 16 0.72331991016488184
88 16 0.43187755233881342
98 16 0.21284441027422507
1 17 0.39582768657532796
13 17 0.64576265389605003
22 17 0.16670159844902899
37 17 0.058884156191971737
48 17 0.25514504132210791
82 17 0.45318424069890317
86 17 0.6668354317980385
91 17 0.92569767202530417
93 17 0.062936393478107755
5 18 0.6941188279174233
7 18 0.06103366876000782
11 18 0.8526695072011794
18 18 0.60838297509736472
19 18 0.67976119185318851
51 18 0.84718995238036132
75 18 0.65056483281529653
82 18 0.31244398182162936
30 19 0.29549584080379832
58 19 0.055231619765930162
67 19 0.20132536290718772
72 19 0.20815864762992986
86 19 0.50703985221132852
87 19 0.21963714175251048
93 19 0.79057214041185686
99 19 0.79315113829570871
4 20 0.96246245295336219
20 20 0.78386116432194497
36 20 0.32973224483751984
46 20 0.46909651683887932
50 20 0.77841317620521033
53 20 0.1714707967133583
54 20 0.16482104568448119
91 20 0.56371464433911089
94 20 0.62255803730033454
2 21 0.083051134385079939
17 21 0.027771979576020511
22 21 0.94932394355318472
28 21 0.99844041051467136
41 21 0.8245776060360468
45 21 0.68157585052289782
66 21 0.46458107551559014
79 21 0.65623374001160861
87 21 0.020351924781100705
6 22 0.58814896511837766
25 22 0.2388181341167761
40 22 0.32750178861757051
45 22 0.75144152291543664
47 22 0.49882728643020913
48 22 0.54592274819588826
73 22 0.16609476298367687
75 22 0.89058859708637206
88 22 0.26143230714498922
1 23 0.49170359521102802
13 23 0.12899057661684321
15 23 0.64592539015836481
18 23 0.27803270580950668
28 23 0.22308623392702343
36 23 0.94020306422775579
50 23 0.45197621472151306
53 23 0.21823548304146312
62 23 0.57589574496830653
70 23 0.55414160903833087
80 23 0.46248823914240667
100 23 0.43924452742617603
32 24 0.79471125281696331
41 24 0.94063070035542184
45 24 0.82641546006627009
46 24 0.59358909004445704
51 24 0.17410419099425911
57 24 0.49389021020840751
58 24 0.25003099496627779
60 24 0.2599021163615266
62 24 0.26455964656676267
65 24 0.39498335233519266
77 24 0.71911107988414313
94 24 0.80672576057627432
99 24 0.77315542976731633
16 25 0.91562516883001188
19 25 0.97263100669851532
31 25 0.2028536297187572
34 25 0.62296861362742995
47 25 0.81472484247115162
54 25 0.71391541345455545
57 25 0.93550841233900373
63 25 0.045023896903006233
65 25 0.98216063906023154
66 25 0.87361310985182339
78 25 0.24950837310233243
87 25 0.2136101655598821
93 25 0.63955670726573854
97 25 0.45262109155189756
6 26 0.78607410241575126
7 26 0.72099002704958537
21 26 0.66682905447080232
38 26 0.78629053698589468
39 26 0.98573436112874491
41 26 0.72467108774812039
51 26 0.6321205765320782
54 26 0.90400858073053969
59 26 0.2927873346673997
69 26 0.20388084700354381
71 26 0.57382669401561648
7 27 0.062030738355860482
18 27 0.68165304345871658
20 27 0.16566767994933596
39 27 0.56334717931036205
40 27 0.85888570161566713
66 27 0.80904444901064787
96 27 0.40485386771146892
2 28 0.88798255935745452
4 28 0.83383201471029456
6 28 0.62592650940310746
18 28 0.35584625572821038
19 28 0.17118777383404271
36 28 0.51283555433639361
42 28 0.29502423951295687
54 28 0.55355917710261493
61 28 0.72454699939369938
77 28 0.92332486758291199
83 28 0.059615401873918672
98 28 0.90437882681143611
99 28 0.99041422529722267
17 29 0.93159768370485918
40 29 0.74055100744582181
46 29 0.17806944995128304
47 29 0.28087038311417978
53 29 0.086288011281650756
64 29 0.18109884149160393
74 29 0.9006754638913097
96 29 0.18592185135794592
3 30 0.97071199799306862
43 30 0.92144803043045131
55 30 0.26446243256037727
97 30 0.70819913283520564
9 31 0.64636734085221348
13 31 0.82118381482540326
14 31 0.56555333935867313
17 31 0.22191949117541265
38 31 0.099463784413657552
44 31 0.22765257795466953
45 31 0.49555626933098351
