# Created by Octave 7.2.0, Tue Sep 27 15:45:52 2022 GMT <unknown@IT-LAB7-PC27>
# name: lastSeed
# type: sparse matrix
# nnz: 1125
# rows: 50
# columns: 150
2 1 0.74520362284583563
5 1 0.63972058860891601
23 1 0.84773845125610958
30 1 0.81298670583357646
33 1 0.28530412001756644
35 1 0.039878386518417352
43 1 0.73747285558398679
1 2 0.11314087993567024
4 2 0.97156223250195672
5 2 0.8127341312844496
6 2 0.14070861003239177
13 2 0.22889248184745448
17 2 0.29144460859955179
20 2 0.46979009187500453
26 2 0.41383731914889466
27 2 0.21990310025223636
28 2 0.93472255376006264
45 2 0.015627288314722598
8 3 0.11062384366627354
19 3 0.18018694739358365
28 3 0.71151701559098068
48 3 0.54831335389988922
1 4 0.74878867325411902
10 4 0.1101780764821374
14 4 0.66352996139404152
20 4 0.12699396135419283
23 4 0.62476975709070737
24 4 0.11926301117945703
43 4 0.49480335236041917
44 4 0.60505670988637184
45 4 0.38914909897723937
10 5 0.69968763272610446
12 5 0.19856056621117479
14 5 0.42411217512806554
19 5 0.89996592563226274
25 5 0.9382558188134581
27 5 0.33800078206798589
28 5 0.63049724222382997
34 5 0.57280378233844087
35 5 0.45220793659649994
3 6 0.59706165968780867
8 6 0.28698298315322823
9 6 0.96188781642799437
17 6 0.99927077743671455
23 6 0.15196384443843092
42 6 0.32032857396312386
9 7 0.12798328265213488
11 7 0.66805710346696723
16 7 0.0068535390539897767
17 7 0.79760410161649198
18 7 0.88581882967654668
20 7 0.67614136340293685
22 7 0.95920338588668785
23 7 0.50166224278826632
34 7 0.062648848647011923
39 7 0.19394181721755699
41 7 0.0600716000978474
6 8 0.98518058384414542
10 8 0.89295236610332107
13 8 0.37951959707745186
36 8 0.97693113071686599
38 8 0.5315807013841789
39 8 0.98497704432107291
42 8 0.32660936517925288
7 9 0.86383384200799074
15 9 0.71259189863188266
17 9 0.43702668372239106
20 9 0.60215006216245781
26 9 0.91402797055280449
44 9 0.19883072151966996
8 10 0.3307886965260266
15 10 0.20847922872815861
25 10 0.00092752378247451528
26 10 0.35874807741382175
36 10 0.48718852344856878
41 10 0.77828776864921712
45 10 0.20302586677308476
50 10 0.93120724860640924
2 11 0.50611542653689245
32 11 0.95126143524655093
33 11 0.54407986998435276
37 11 0.034664852290210102
38 11 0.079220091661950653
2 12 0.58323747290696115
9 12 0.1258684263602573
10 12 0.20330216367556786
14 12 0.17725978317732738
25 12 0.64072982417712099
27 12 0.37051692960590221
28 12 0.35872787262942696
35 12 0.064566094966883258
41 12 0.27304972094793656
44 12 0.81404578428569863
31 13 0.92841968174468581
38 13 0.13127293994027089
40 13 0.032981173140574138
42 13 0.06922971403559719
50 13 0.72150119239810995
4 14 0.7517434242191352
23 14 0.22374759171106429
24 14 0.75223841341178932
31 14 0.77928374941133027
34 14 0.5320862743622885
36 14 0.25237014917994482
41 14 0.64440613089711285
42 14 0.33194809399939873
50 14 0.37211575133615948
27 15 0.24552323670595777
34 15 0.55131266172774673
1 16 0.280677730802111
9 16 0.55816706555779394
24 16 0.42976712580307197
31 16 0.95127245656054893
49 16 0.62207767754499854
4 17 0.061334087165084816
7 17 0.34727160443285598
13 17 0.071823720842284278
20 17 0.003227103421756472
31 17 0.032897792826862671
38 17 0.4672648273352239
39 17 0.15875923946648129
41 17 0.31200579163074704
47 17 0.59450303172549712
48 17 0.70498706045067661
6 18 0.34605667667786477
12 18 0.91309938416002423
17 18 0.48176662833988537
38 18 0.3154417136292591
44 18 0.64982006104453505
6 19 0.93970427841298088
10 19 0.88036544877842127
21 19 0.92095782338721632
26 19 0.73413755269784775
29 19 0.27133206351171779
33 19 0.93854154843369997
34 19 0.9864429047072818
47 19 0.51049443065488875
8 20 0.99095183452640678
31 20 0.81473707840851606
37 20 0.72859670500460405
41 20 0.94134156467853147
1 21 0.024136106189909246
7 21 0.9881599681350588
8 21 0.16003626112340164
19 21 0.51044565677701459
30 21 0.46321730111432391
31 21 0.94906587936005948
34 21 0.31414518633321098
35 21 0.25508242483162846
50 21 0.3284630786151036
24 22 0.49571701610859353
40 22 0.028334773913064604
3 23 0.78347114727989564
4 23 0.65595405948299568
5 23 0.93452188708143746
7 23 0.47386934115316082
8 23 0.29245433861538439
18 23 0.1170119722211711
26 23 0.99033525164824254
27 23 0.38592812719596625
37 23 0.7270310166171059
40 23 0.080133664919036729
3 24 0.88072356123780227
5 24 0.19939385820950262
13 24 0.41585501789321366
18 24 0.13121095585626663
24 24 0.21469333689975789
39 24 0.12688014898777344
40 24 0.5706939753517658
43 24 0.25639294028698101
46 24 0.52538470558359962
4 25 0.30299560957194271
5 25 0.9956642249319273
10 25 0.046005706812364044
16 25 0.41624292808589647
19 25 0.87613180708923388
26 25 0.62848236742749874
39 25 0.39067234222288727
41 25 0.8736879222577475
42 25 0.5342745410970825
49 25 0.79397850620894461
3 26 0.50562331844171737
14 26 0.82866856933938127
19 26 0.33531404299095313
32 26 0.18436996755915414
35 26 0.24409625321498229
42 26 0.49318601803364615
48 26 0.07208731423253445
50 26 0.65546532583193418
3 27 0.45375125173352615
7 27 0.59541519121459296
30 27 0.18829068126951942
37 27 0.94015021228608298
46 27 0.525689878686043
23 28 0.73297040169280114
32 28 0.29000176819431411
43 28 0.72055662517666863
6 29 0.77180589552168433
12 29 0.89260703098654237
15 29 0.91277746170987839
16 29 0.94445558553275322
28 29 0.03923968402018585
29 29 0.87504949482983385
39 29 0.26265636910553136
1 30 0.6978442942095977
5 30 0.48268299539218507
14 30 0.63538343276076292
20 30 0.36563033048098581
24 30 0.96739828919973114
28 30 0.41752767796522716
33 30 0.75656228815991011
36 30 0.1175820566769884
37 30 0.045479283534919146
42 30 0.2620432230164107
10 31 0.10629400901436115
15 31 0.43591839946673883
17 31 0.34750180724130153
29 31 0.78211100836580505
46 31 0.11852348387450573
1 32 0.16476177682240278
2 32 0.7940870504043418
3 32 0.59921417596149673
18 32 0.75643272314164822
25 32 0.21846017282935259
40 32 0.49713478608999173
42 32 0.87921262631869068
50 32 0.5865517338811882
16 33 0.45080887204462838
28 33 0.05154753870403328
30 33 0.21381032506178366
44 33 0.47207988148831892
50 33 0.0042106296314770031
2 34 0.89140757898123435
13 34 0.63769664727995778
14 34 0.61485057747377314
17 34 0.81907381459075068
42 34 0.031266704715106841
45 34 0.059106739347944748
2 35 0.6091878749105305
4 35 0.84796317662350462
8 35 0.74675695608846726
10 35 0.47002769665409894
14 35 0.63451734800646165
21 35 0.18338483556479268
25 35 0.19049144225441927
34 35 0.95833587434778444
42 35 0.87866452438264941
49 35 0.94186144184939136
50 35 0.48395595022202498
3 36 0.20711512330099069
14 36 0.10201760436959195
24 36 0.035690515149413127
27 36 0.090973773939595715
32 36 0.80068147441836479
34 36 0.28029877870875253
43 36 0.79419159095629877
44 36 0.63563454386343687
47 36 0.38872065081808582
48 36 0.035066912077919121
2 37 0.21418376281566287
3 37 0.1509458315195501
4 37 0.69102452840156503
5 37 0.5553576333525081
8 37 0.97169547720052629
14 37 0.34446682829516306
21 37 0.10794724472580397
24 37 0.32781528283757921
31 37 0.40287932558257578
44 37 0.29493483446936153
48 37 0.51135914980741004
5 38 0.77403537176038206
18 38 0.349832338129341
19 38 0.71773136391056469
22 38 0.92844541231059208
28 38 0.33220943410914083
37 38 0.24407025851749919
49 38 0.86821547220315365
4 39 0.37848193812574771
13 39 0.59777810358149175
15 39 0.66792517204658375
17 39 0.36419748408029873
25 39 0.74837387457998972
27 39 0.13940027907845332
33 39 0.35526634433555293
36 39 0.4364535963480064
48 39 0.40956632051156028
1 40 0.73402750629060387
2 40 0.70698612605521982
8 40 0.90090032930290187
12 40 0.73280141220754569
28 40 0.52828295551499449
38 40 0.36337031876089254
41 40 0.0026507883798182474
46 40 0.50788457181323066
16 41 0.42100672546982232
19 41 0.72794759856626712
23 41 0.3131196843602907
29 41 0.66427246790723837
32 41 0.14487720162278306
46 41 0.14587909266537946
49 41 0.48205293485484024
50 41 0.64015051555249491
5 42 0.80277083931981652
12 42 0.98571206080216112
13 42 0.29721473882570504
17 42 0.084024609907170089
25 42 0.25638431226898994
