# Created by Octave 7.2.0, Tue Sep 27 21:01:32 2022 GMT <unknown@DESKTOP-GN3SUD0>
# name: lastSeed
# type: sparse matrix
# nnz: 250
# rows: 50
# columns: 50
11 1 0.88056671970777423
14 1 0.54215803106990146
21 1 0.51102072390779074
42 1 0.2635067105061355
45 1 0.2648730762820436
46 1 0.91627005191788702
9 2 0.34391742436397021
12 2 0.4777438707964351
19 2 0.75898979242982545
42 2 0.75300938925254424
46 2 0.13846589600580494
17 3 0.45589723986553887
24 3 0.70149276210654588
26 3 0.28292619326718205
46 3 0.70193324767037801
49 3 0.91027988878410937
8 4 0.77123618108556868
10 4 0.41421812894078247
14 4 0.50031208132134208
25 4 0.15888711728548022
47 4 0.79317586000430818
1 5 0.55069705215594367
2 5 0.21389076711347943
13 5 0.57540046344882267
27 5 0.70369914469576256
34 5 0.90593025111136016
11 6 0.20165678085561278
12 6 0.40460488654076254
20 6 0.12539685630590325
22 6 0.36721267323797013
26 6 0.5663809651618098
28 6 0.99920987267867012
44 6 0.033363883435123087
47 6 0.9497544171850909
3 7 0.082928085294839859
11 7 0.63989277290586233
12 7 0.30572379275222528
26 7 0.29417163679510827
27 7 0.53734890531857749
41 7 0.94735520389148498
45 7 0.73248319321068733
3 8 0.54189722379525174
28 8 0.8149623199377215
42 8 0.23382257168481113
43 8 0.52032639205334341
16 9 0.073262124734184586
32 9 0.59095580648607871
34 9 0.87724545977765922
35 9 0.6891374485885372
37 9 0.43150401662894633
38 9 0.44384710031153685
40 9 0.32992696734855553
9 10 0.81109730725311102
16 10 0.36952202205144924
24 10 0.82378611199406926
29 10 0.3917909170956716
48 10 0.68907936103018552
20 11 0.3152784838841689
24 11 0.022967460477119395
35 11 0.32101683534945635
39 11 0.83008497412226478
45 11 0.83613550070865994
48 11 0.26074880657968103
6 12 0.56461258859608576
23 12 0.2482128537501993
31 12 0.61214409704045813
32 12 0.1447834300563553
47 12 0.50307725751684829
14 13 0.00094849586946843534
37 13 0.68441391273241603
41 13 0.09634712887319985
44 13 0.58514272339842288
5 14 0.79660216809162487
9 14 0.81243238026495135
29 14 0.13410112157417431
41 14 0.42052060903717459
4 15 0.69754436073198833
12 15 0.63000717664799755
19 15 0.18611132466649905
26 15 0.4244882682642046
39 15 0.2689840874274706
48 15 0.40858648657256169
5 16 0.68734032015714797
9 16 0.28156704803882993
24 16 0.143539398833748
39 16 0.10124331826224242
45 16 0.74220156528701764
46 16 0.58753872981676991
5 17 0.37835990488369975
8 17 0.28475905806103596
22 17 0.60225686108540144
25 17 0.53074463757525481
32 17 0.71367684131586162
44 17 0.64637774527836589
45 17 0.75696040056776537
50 17 0.28278049924773185
1 18 0.95940783618581271
17 18 0.31342827531412987
24 18 0.19795440003921128
28 18 0.25556294691408532
31 18 0.89914404155929506
34 18 0.3590453087279174
39 18 0.31164838781482362
4 19 0.2459002247260843
11 19 0.26419404314261108
24 19 0.23536692265910264
35 19 0.5251693816173616
37 19 0.16683612634004441
12 20 0.64094686715418581
14 20 0.22477189311931234
45 20 0.79430496656140515
48 20 0.32334543269067728
2 21 0.50925965107235793
28 21 0.88953960499881612
30 21 0.16833056013528991
31 21 0.4569937780554959
32 21 0.81656113477404324
12 22 0.78266595661240645
50 22 0.66419867727108473
2 23 0.50936013937103009
13 23 0.32002311356716806
38 23 0.95394190120321332
40 23 0.41325809143255787
44 23 0.43491602203118263
47 23 0.65234208753991263
49 23 0.81195144823843446
50 23 0.2741230448803309
44 24 0.18426820844246505
10 25 0.70151607254305159
17 25 0.34309696976700454
28 25 0.52010570230967523
37 25 0.41495621567060281
41 25 0.82420469406917263
49 25 0.66374811805199774
41 26 0.32259572910134149
48 26 0.66110883166670231
14 27 0.64465672755875536
26 27 0.24667856271606692
27 27 0.97826263720979134
39 27 0.59447617753355808
43 27 0.90903364440262979
7 28 0.37656629596506708
25 28 0.81921386393328255
28 28 0.56662656222681562
38 28 0.68242335379588792
40 28 0.93414092239172963
45 28 0.20028487659829364
14 29 0.56142386464320038
31 29 0.64759913561803928
8 30 0.93690916496640253
16 30 0.25436352791561245
27 30 0.62023434779037367
32 30 0.67768714079732784
1 31 0.6186752876145637
1 32 0.90563060758644476
16 32 0.87723099505201785
23 32 0.38374346277452198
25 32 0.45632758307414645
32 32 0.45711712340077015
38 32 0.77127887000215678
43 32 0.018146089495401529
47 32 0.50898515462798366
49 32 0.60273956049927857
2 33 0.93817332489535232
4 33 0.80746081701204542
5 33 0.16885345553042219
7 33 0.83605791583853051
15 33 0.83467664655817442
22 33 0.25263796220302459
44 33 0.66231248164862344
46 33 0.29932966363554225
4 34 0.35800765026450543
42 34 0.73524708621576162
4 35 0.76422145922869222
11 35 0.20906201824825454
13 35 0.14471380760997632
15 35 0.33011721095722479
28 35 0.065441107511207575
48 35 0.14888721689583462
5 36 0.21184374504209236
7 36 0.38996431147459842
29 36 0.94589949669081708
43 36 0.61379254762452728
5 37 0.47185697583887098
10 37 0.14419311057780726
15 37 0.27030070494288927
25 38 0.066017759645467966
29 38 0.044676064644780689
35 38 0.70842418817743846
39 38 0.12219172540876078
41 38 0.70249544902522398
1 39 0.58660844607331941
7 39 0.97162400444415742
9 39 0.21403729583368769
12 39 0.3308651322205528
6 40 0.6876097017369216
16 40 0.48049058169301151
18 40 0.28322840314197972
20 40 0.62061081293861808
4 41 0.31213788226066652
10 41 0.75077766965553283
16 41 0.47603453538781826
22 41 0.35389171332317948
24 41 0.55956870377453793
29 41 0.98675035303246839
35 41 0.44065948169249636
40 41 0.53070912977175821
43 41 0.241918617893911
9 42 0.71432649882009958
22 42 0.46508209170001935
30 42 0.68409730454826523
31 42 0.57644874346472053
34 42 0.37959540533925917
48 42 0.26207594592811012
49 42 0.77537478648467617
3 43 0.97460953854150945
24 43 0.15790979879311473
25 43 0.79920858037296583
29 43 0.026506936408808079
31 43 0.94980336006382093
35 43 0.52127355056426372
14 44 0.41265533626131445
20 44 0.71354446436867769
41 44 0.90327905169253997
13 45 0.17388515845932817
33 45 0.99176219743969352
38 45 0.56917858101918806
43 45 0.15653973208302641
12 46 0.3954061038652763
17 46 0.67671126205938348
27 46 0.46550619615064071
36 46 0.045545798936037718
15 48 0.40393679577852692
18 48 0.91848743513901832
22 48 0.2592875673705739
33 48 0.99484623423320551
46 48 0.471217553312818
47 48 0.91880548971875697
2 49 0.086504946994910403
23 49 0.25295278707884761
41 49 0.21557550653448232
3 50 0.88869925645446157
4 50 0.59205013940124418
6 50 0.01271665527478083
14 50 0.013816093792109907
19 50 0.069381648667750428
30 50 0.67683265214985522
33 50 0.21978742879528812
43 50 0.16643659194562044
44 50 0.24956655004113448


