# Created by Octave 7.2.0, Fri Sep 30 19:01:02 2022 GMT <unknown@DESKTOP-GN3SUD0>
# name: da_oscillators
# type: sparse matrix
# nnz: 154
# rows: 22
# columns: 23
13 1 1
19 1 1
2 2 1
4 2 1
6 2 1
8 2 1
11 2 1
13 2 1
15 2 1
17 2 1
1 3 1
2 3 1
3 3 1
4 3 1
5 3 1
6 3 1
13 3 1
14 3 1
15 3 1
16 3 1
17 3 1
18 3 1
19 3 1
20 3 1
3 4 1
4 4 1
5 4 1
6 4 1
7 4 1
8 4 1
11 4 1
12 4 1
13 4 1
14 4 1
15 4 1
16 4 1
17 4 1
18 4 1
1 5 1
3 5 1
4 5 1
5 5 1
7 5 1
14 5 1
16 5 1
18 5 1
20 5 1
6 6 1
12 6 1
16 6 1
13 9 1
18 9 1
3 10 1
4 10 1
5 10 1
6 10 1
11 10 1
13 10 1
15 10 1
16 10 1
18 10 1
20 10 1
3 11 1
4 11 1
5 11 1
6 11 1
13 11 1
14 11 1
15 11 1
16 11 1
17 11 1
18 11 1
1 12 1
2 12 1
3 12 1
4 12 1
5 12 1
6 12 1
7 12 1
8 12 1
11 12 1
12 12 1
13 12 1
14 12 1
15 12 1
16 12 1
17 12 1
18 12 1
19 12 1
20 12 1
3 13 1
4 13 1
5 13 1
6 13 1
14 13 1
15 13 1
16 13 1
17 13 1
1 14 1
3 14 1
4 14 1
5 14 1
6 14 1
8 14 1
12 14 1
15 14 1
16 14 1
19 14 1
3 15 1
1 18 1
3 18 1
5 18 1
7 18 1
12 18 1
20 18 1
21 18 1
3 19 1
4 19 1
5 19 1
6 19 1
7 19 1
8 19 1
11 19 1
13 19 1
14 19 1
15 19 1
1 20 1
2 20 1
3 20 1
4 20 1
5 20 1
6 20 1
12 20 1
13 20 1
14 20 1
15 20 1
19 20 1
20 20 1
21 20 1
22 20 1
2 21 1
4 21 1
6 21 1
8 21 1
12 21 1
13 21 1
14 21 1
15 21 1
4 22 1
6 22 1
12 22 1
13 22 1
14 22 1
15 22 1


# name: da_spaceship
# type: sparse matrix
# nnz: 144
# rows: 10
# columns: 47
5 11 1
6 11 1
2 12 1
4 12 1
5 12 1
6 12 1
7 12 1
9 12 1
2 13 1
3 13 1
4 13 1
5 13 1
6 13 1
7 13 1
8 13 1
9 13 1
2 14 1
3 14 1
4 14 1
5 14 1
6 14 1
7 14 1
8 14 1
9 14 1
4 15 1
5 15 1
6 15 1
7 15 1
4 16 1
5 16 1
6 16 1
7 16 1
5 17 1
6 17 1
4 18 1
5 18 1
6 18 1
7 18 1
5 19 1
6 19 1
3 20 1
4 20 1
5 20 1
6 20 1
7 20 1
8 20 1
5 21 1
6 21 1
4 22 1
5 22 1
6 22 1
7 22 1
5 23 1
6 23 1
4 24 1
5 24 1
6 24 1
7 24 1
5 25 1
6 25 1
4 26 1
5 26 1
6 26 1
7 26 1
5 27 1
6 27 1
4 28 1
5 28 1
6 28 1
7 28 1
5 29 1
6 29 1
3 30 1
4 30 1
5 30 1
6 30 1
7 30 1
8 30 1
5 31 1
6 31 1
4 32 1
5 32 1
6 32 1
7 32 1
5 33 1
6 33 1
4 34 1
5 34 1
6 34 1
7 34 1
5 35 1
6 35 1
4 36 1
5 36 1
6 36 1
7 36 1
5 37 1
6 37 1
3 38 1
4 38 1
5 38 1
6 38 1
7 38 1
8 38 1
4 39 1
5 39 1
6 39 1
7 39 1
3 40 1
4 40 1
5 40 1
6 40 1
7 40 1
8 40 1
4 41 1
5 41 1
6 41 1
7 41 1
3 42 1
4 42 1
5 42 1
6 42 1
7 42 1
8 42 1
4 43 1
5 43 1
6 43 1
7 43 1
2 44 1
3 44 1
4 44 1
5 44 1
6 44 1
7 44 1
8 44 1
9 44 1
4 45 1
5 45 1
6 45 1
7 45 1
4 46 1
5 46 1
6 46 1
7 46 1


# name: guns
# type: sparse matrix
# nnz: 65
# rows: 36
# columns: 50
25 1 1
23 2 1
25 2 1
13 3 1
14 3 1
21 3 1
22 3 1
35 3 1
36 3 1
12 4 1
16 4 1
21 4 1
22 4 1
35 4 1
36 4 1
1 5 1
2 5 1
11 5 1
17 5 1
21 5 1
22 5 1
1 6 1
2 6 1
11 6 1
15 6 1
17 6 1
18 6 1
23 6 1
25 6 1
11 7 1
17 7 1
25 7 1
12 8 1
16 8 1
13 9 1
14 9 1
2 30 1
3 30 1
9 30 1
10 30 1
2 31 1
3 31 1
9 31 1
10 31 1
6 33 1
7 33 1
6 34 1
7 34 1
24 39 1
25 39 1
27 39 1
28 39 1
23 40 1
29 40 1
23 41 1
30 41 1
33 41 1
34 41 1
23 42 1
24 42 1
25 42 1
29 42 1
33 42 1
34 42 1
28 43 1


# name: hexGolSeed
# type: sparse matrix
# nnz: 196
# rows: 40
# columns: 70
3 1 0.26079920433356463
8 1 0.53116255186824479
18 1 0.024229718636553765
35 1 0.36848362048496897
5 2 0.42307616346748134
13 2 0.22262003891917226
15 2 0.36482382860877027
4 3 0.34911091757988599
9 3 0.92071765326374766
14 3 0.6565613277921647
29 3 0.10525271424367466
31 3 0.72285326904944569
11 4 0.62883409429184423
20 4 0.72887201588147432
23 4 0.42695548244362946
40 6 0.49009036749521817
16 7 0.65536888011284256
29 7 0.92918148361115072
35 7 0.070398212775916846
5 8 0.3312211857176558
6 8 0.1697281566681812
12 8 0.59152632916405168
16 8 0.30379839872763847
20 8 0.35399172232320886
29 8 0.42936558587051832
28 10 0.50082417747112318
10 11 0.62281493371397034
20 11 0.36323502730470469
28 11 0.90929858278329678
31 11 0.51304710398561582
40 11 0.072485987779676408
19 12 0.90559857629927276
38 12 0.29824246838614832
11 13 0.9199449456800648
26 13 0.36564698577050869
39 13 0.77307008070154459
23 14 0.26760092585886741
24 14 0.38598470841824706
25 14 0.16321347625132399
29 14 0.67969428890843009
2 15 0.49530991215039599
18 15 0.31628855196432626
21 15 0.31180696648002981
32 15 0.27493130470427307
34 15 0.031242261857173936
39 15 0.97281914441274997
5 16 0.09263670402364621
6 16 0.48859233513400224
11 16 0.82359135690607455
12 17 0.95066137755287905
1 18 0.15612861670445111
26 18 0.36059452841964446
2 19 0.95183710922294851
3 19 0.096458635127812387
7 19 0.59952690256666363
10 19 0.082164570109639734
13 19 0.80306360284015177
22 19 0.99393781499592271
36 19 0.9007893276616219
6 21 0.10743595102829828
12 21 0.94051131567956014
36 22 0.45671524312283096
13 23 0.41786998446135259
9 24 0.71157522761057712
22 24 0.49978205008429299
18 25 0.23392297151405916
22 25 0.73940740806089444
35 25 0.10129493613105445
38 25 0.6950115209254657
27 26 0.41540480839923422
30 26 0.24709231032697421
20 27 0.78573638653658329
30 27 0.21054042121644434
2 28 0.13571351507128204
17 28 0.22016400922759682
28 28 0.30262697476930878
33 28 0.012614361741477897
1 29 0.19246903080164035
3 29 0.93278573488305472
23 29 0.96363061657098681
37 29 0.40338286669289447
40 29 0.30088765432997644
13 30 0.19201616896689411
12 31 0.022661476019955717
16 31 0.11086011253634698
30 31 0.60621388586459501
38 32 0.51664707472191962
4 33 0.13048464294115847
14 33 0.56898400844418284
19 33 0.63167000759709846
30 33 0.69335650338780452
37 33 0.92717106224803558
4 34 0.91612639924657291
28 35 0.23188873344385375
39 35 0.56519989068612431
3 36 0.29535914614149417
5 36 0.36382373951488634
18 36 0.969452187258806
24 36 0.32913323100917569
3 37 0.29071826068898587
17 37 0.73616497989587626
20 37 0.50136424171869098
21 37 0.019395582066157768
22 37 0.69554508537430815
13 38 0.19028075275981027
19 38 0.017298477350557673
23 38 0.65347013744766136
29 38 0.41450581327578362
9 39 0.20605439959939664
16 39 0.60900344627038749
26 39 0.63060575738808611
32 39 0.52141653110299124
35 39 0.43837732289675657
20 40 0.4922535058393015
35 41 0.56100074906867425
38 41 0.53545757793848092
39 41 0.60283629932510685
34 42 0.88935914490882539
1 43 0.1820266495285866
2 43 0.060968268187614694
3 44 0.66420256853655624
1 45 0.99889273179303761
15 45 0.57049150786288882
12 46 0.0076184501265710303
16 46 0.37109867295148902
13 47 0.45600329618020219
34 47 0.43740413530276789
36 47 0.37782961280692451
36 48 0.059580709783928709
38 48 0.63197080142213147
2 49 0.77961372148271857
4 49 0.10422952332987345
12 49 0.54211069192347483
31 49 0.89512094072809856
4 50 0.86306879296094641
6 51 0.80132962794227747
28 51 0.67789042633737273
38 51 0.029153549584574723
19 52 0.20539450364702327
28 52 0.86654867614505926
8 53 0.73654104240416274
23 53 0.17477042197083992
24 53 0.58303141858670438
32 53 0.98748106859789553
10 54 0.6353976480355803
19 54 0.01420147182848075
31 54 0.30198482180529307
18 55 0.96759740677330386
37 55 0.021680142511690481
7 56 0.79572862387052112
24 56 0.94778479555355322
32 56 0.47681991336648277
33 56 0.17145830726646294
38 56 0.99904864387184134
4 57 0.57135690623309832
23 57 0.39619514478435125
24 57 0.65532300140206201
40 57 0.70384353048538828
5 58 0.83029905617145083
7 58 0.64740415174321164
30 58 0.91856832677454126
31 58 0.88640248973754099
18 59 0.28909809559641853
26 59 0.6824984265245162
36 59 0.0092892814545009195
18 60 0.59385153023117809
21 60 0.22179437334439189
31 60 0.0516764098236836
35 60 0.6998778872831084
11 61 0.54531350339508489
33 61 0.84414930404425381
11 62 0.47922423636721612
35 62 0.23503653603316887
4 63 0.68911723439991679
5 63 0.38410321420058868
9 63 0.84223810331288995
12 63 0.49200154085386627
16 63 0.59435994156849015
29 63 0.6592086451706618
4 64 0.63987486781425251
1 65 0.13462855702737653
5 65 0.1630501110732856
7 65 0.9745949531848932
35 65 0.69890356131261477
13 66 0.96988435781385773
20 67 0.60768162250179691
22 67 0.30704246416478342
12 68 0.74200739994389986
17 68 0.43659839228889852
24 68 0.62912746781405116
34 68 0.37479753930546689
9 69 0.98547537290242126
21 69 0.0090478870755509311
4 70 0.64837436302612306
31 70 0.13274276202372082
